620
0
1
2
3
4
5
6
7
8
9
10
11
12
13
14
15
16
17
18
19
20
21
22
23
24
25
26
27
28
29
30
31
32
33
34
35
36
37
38
39
40
41
42
43
44
45
46
47
48
49
50
51
52
53
54
55
56
57
58
59
60
61
62
63
64
65
66
67
68
69
70
71
72
73
74
75
76
77
78
79
80
81
82
83
84
85
86
87
88
89
90
91
92
93
94
95
96
97
98
99
[1, 1, 1, 1, 1, 1, 1, 1, 1, 1, 1, 1, 2, 2, 2, 2, 1, 1, 1, 1, 1, 1, 1, 1, 1, 1, 1, 1, 1, 1, 2, 2, 2, 2, 1, 1, 1, 1, 1, 1, 1, 1, 1, 1, 1, 1, 1, 2, 2, 2, 2, 2, 2, 1, 1, 1, 1, 1, 1, 1, 1, 1, 1, 1, 1, 1, 1, 1, 1, 1, 1, 1, 1, 1, 2, 2, 2, 2, 1, 1, 1, 1, 1, 1, 1, 1, 1, 1, 1, 1, 1, 1, 2, 2, 2, 2, 1, 1, 1, 1, 1, 1, 1, 1, 1, 1, 1, 1, 1, 2, 2, 2, 2, 2, 2, 1, 1, 1, 1, 1, 1, 1, 1, 1, 1, 1, 1, 1, 1, 1, 1, 1, 1, 1, 1, 1, 2, 2, 2, 2, 1, 1, 1, 1, 1, 1, 1, 1, 1, 1, 1, 1, 1, 1, 2, 2, 2, 2, 1, 1, 1, 1, 1, 1, 1, 1, 1, 1, 1, 1, 1, 2, 2, 2, 2, 2, 2, 1, 1, 1, 1, 1, 1, 1, 1, 1, 1, 1, 1, 1, 1, 1, 1, 1, 1, 1, 1, 1, 2, 2, 2, 2, 1, 1, 1, 1, 1, 1, 1, 1, 1, 1, 1, 1, 1, 1, 2, 2, 2, 2, 1, 1, 1, 1, 1, 1, 1, 1, 1, 1, 1, 1, 1, 2, 2, 2, 2, 2, 2, 1, 1, 1, 1, 1, 1, 1, 1, 1, 1, 1, 1, 1, 1, 1, 1, 1, 1, 1, 1, 1, 2, 2, 2, 2, 1, 1, 1, 1, 1, 1, 1, 1, 1, 1, 1, 1, 1, 1, 2, 2, 2, 2, 1, 1, 1, 1, 1, 1, 1, 1, 1, 1, 1, 1, 1, 2, 2, 2, 2, 2, 2, 1, 1, 1, 1, 1, 1, 1, 1, 1, 1, 1, 1, 1, 1, 1, 1, 1, 1, 1, 1, 1, 1, 2, 2, 2, 1, 1, 1, 1, 1, 1, 1, 1, 1, 1, 1, 1, 1, 1, 2, 2, 2, 2, 1, 1, 1, 1, 1, 1, 1, 1, 1, 1, 1, 1, 1, 1, 2, 2, 2, 2, 2, 1, 1, 1, 1, 1, 1, 1, 1, 1, 1, 1, 1, 1, 1, 1, 1, 1, 1, 1, 1, 1, 1, 2, 2, 2, 1, 1, 1, 1, 1, 1, 1, 1, 1, 1, 1, 1, 1, 1, 2, 2, 2, 2, 1, 1, 1, 1, 1, 1, 1, 1, 1, 1, 1, 1, 1, 1, 2, 2, 2, 2, 2, 1, 1, 1, 1, 1, 1, 1, 1, 1, 1, 1, 1, 1, 1, 1, 1, 1, 1, 1, 1, 1, 1, 1, 2, 2, 1, 1, 1, 1, 1, 1, 1, 1, 1, 1, 1, 1, 1, 1, 1, 2, 2, 2, 1, 1, 1, 1, 1, 1, 1, 1, 1, 1, 1, 1, 1, 1, 1, 2, 2, 2, 2, 1, 1, 1, 1, 1, 1, 1, 1, 1, 1, 1, 1, 1, 1, 1, 1, 1, 1, 1, 1, 1, 1, 1, 2, 2, 1, 1, 1, 1, 1, 1, 1, 1, 1, 1, 1, 1, 1, 1, 1, 2, 2, 2, 1, 1, 1, 1, 1, 1, 1, 1, 1, 1, 1, 1, 1, 1, 1, 2, 2, 2, 2, 1, 1, 1, 1, 1, 1, 1, 1, 1, 1, 1, 1, 1, 1, 1, 1, 1, 1, 1, 1, 1, 1, 1, 2, 2, 1, 1, 1, 1, 1, 1, 1, 1, 1, 1, 1, 1, 1, 1, 1, 2, 2, 2, 1, 1, 1, 1, 1, 1, 1, 1, 1, 1, 1, 1, 1, 1, 1, 2, 2, 2, 2, 1, 1, 1, 1, 1, 1, 1, 1, 1]
[0.4976562056186347, 0.4816106450317101, 0.5021270005556722, 0.611704420004401, 0.7362218308089974, 0.8755375368948932, 0.9162399930848506, 0.3915981892952061, 0.36712330246425573, 0.34417809606023975, 0.3226669650564748, 0.3025002797404451, 0.34176066280798917, 0.6135704180773836, 0.8963169353883622, 1.495605773509892, 0.5178369776784356, 0.4976562056186347, 0.4816106450317101, 0.5021270005556722, 0.611704420004401, 0.7362218308089974, 0.8755375368948932, 0.5178369776784356, 0.4816106450317101, 0.611704420004401, 0.8755375368948932, 0.3915981892952061, 0.34417809606023975, 0.3025002797404451, 0.6135704180773836, 1.1902504063230497, 1.1902504063230497, 1.495605773509892, 0.5178369776784356, 0.4976562056186347, 0.4816106450317101, 0.5021270005556722, 0.611704420004401, 0.7362218308089974, 0.8755375368948932, 0.9162399930848506, 0.3915981892952061, 0.36712330246425573, 0.34417809606023975, 0.3226669650564748, 0.3025002797404451, 0.34176066280798917, 0.6135704180773836, 0.8963169353883622, 1.1902504063230497, 1.495605773509892, 1.495605773509892, 0, 0, 0, 0, 0, 0, 0, 0, 0, 0.4964489563983801, 0.4816902311743352, 0.5089770359384076, 0.6146319956833468, 0.7346908482041735, 0.8690346025138616, 0.9065741495238352, 0.39039503686475485, 0.3659953470607077, 0.34312063786941344, 0.3216755980025751, 0.30157087312741415, 0.360832977189467, 0.6219685870892293, 0.8937783423586239, 1.47045833060429, 0.5165891752387239, 0.4964489563983801, 0.4816902311743352, 0.5089770359384076, 0.6146319956833468, 0.7346908482041735, 0.8690346025138616, 0.5165891752387239, 0.4816902311743352, 0.6146319956833468, 0.8690346025138616, 0.39039503686475485, 0.34312063786941344, 0.30157087312741415, 0.6219685870892293, 1.176524859669602, 1.176524859669602, 1.47045833060429, 0.5165891752387239, 0.4964489563983801, 0.4816902311743352, 0.5089770359384076, 0.6146319956833468, 0.7346908482041735, 0.8690346025138616, 0.9065741495238352, 0.39039503686475485, 0.3659953470607077, 0.34312063786941344, 0.3216755980025751, 0.30157087312741415, 0.360832977189467, 0.6219685870892293, 0.8937783423586239, 1.176524859669602, 1.47045833060429, 1.47045833060429, 0, 0, 0, 0, 0, 0, 0, 0, 0, 0.49435460154082117, 0.48081804061361283, 0.5143295027518372, 0.6161431597070676, 0.731832083449105, 0.861297777217211, 0.8958249528008161, 0.38851264094081794, 0.3642306008820168, 0.34146618832689074, 0.3201245515564601, 0.30011676708418134, 0.37780854906688255, 0.6285425249116957, 0.8896781348114582, 1.444234407391831, 0.5144176694280741, 0.49435460154082117, 0.48081804061361283, 0.5143295027518372, 0.6161431597070676, 0.731832083449105, 0.861297777217211, 0.5144176694280741, 0.48081804061361283, 0.6161431597070676, 0.861297777217211, 0.38851264094081794, 0.34146618832689074, 0.30011676708418134, 0.6285425249116957, 1.1614878900808525, 1.1614878900808525, 1.444234407391831, 0.5144176694280741, 0.49435460154082117, 0.48081804061361283, 0.5143295027518372, 0.6161431597070676, 0.731832083449105, 0.861297777217211, 0.8958249528008161, 0.38851264094081794, 0.3642306008820168, 0.34146618832689074, 0.3201245515564601, 0.30011676708418134, 0.37780854906688255, 0.6285425249116957, 0.8896781348114582, 1.1614878900808525, 1.444234407391831, 1.444234407391831, 0, 0, 0, 0, 0, 0, 0, 0, 0, 0.48938705232553487, 0.4769333141033351, 0.5152823503579205, 0.6132972255359852, 0.7246701125011096, 0.8493208143774224, 0.8811788120005192, 0.3844166071807046, 0.36039056923191054, 0.33786615865491615, 0.3167495237389839, 0.2969526785052974, 0.3891114669387711, 0.6297239520093327, 0.8804579278541461, 1.4134032930233027, 0.5092548888855282, 0.48938705232553487, 0.4769333141033351, 0.5152823503579205, 0.6132972255359852, 0.7246701125011096, 0.8493208143774224, 0.5092548888855282, 0.4769333141033351, 0.6132972255359852, 0.8493208143774224, 0.3844166071807046, 0.33786615865491615, 0.2969526785052974, 0.6297239520093327, 1.1415935377539084, 1.1415935377539084, 1.4134032930233027, 0.5092548888855282, 0.48938705232553487, 0.4769333141033351, 0.5152823503579205, 0.6132972255359852, 0.7246701125011096, 0.8493208143774224, 0.8811788120005192, 0.3844166071807046, 0.36039056923191054, 0.33786615865491615, 0.3167495237389839, 0.2969526785052974, 0.3891114669387711, 0.6297239520093327, 0.8804579278541461, 1.1415935377539084, 1.4134032930233027, 1.4134032930233027, 0, 0, 0, 0, 0, 0, 0, 0, 0, 0.4873557891058236, 0.4731654499358562, 0.5038395366872515, 0.6183328609305425, 0.7261043459053705, 0.8466240545549606, 0.8753149292389513, 0.3828734320756592, 0.35894384257093054, 0.33650985241024733, 0.3154779866346069, 0.29576061246994395, 0.3588972332096588, 0.6482677342596066, 0.8888802193301686, 1.400749805074744, 0.5071394228067624, 0.4873557891058236, 0.4731654499358562, 0.5038395366872515, 0.6183328609305425, 0.7261043459053705, 0.8466240545549606, 0.5071394228067624, 0.4731654499358562, 0.6183328609305425, 0.8466240545549606, 0.3828734320756592, 0.33650985241024733, 0.29576061246994395, 0.6482677342596066, 1.1396141951749819, 1.1396141951749819, 1.400749805074744, 0.5071394228067624, 0.4873557891058236, 0.4731654499358562, 0.5038395366872515, 0.6183328609305425, 0.7261043459053705, 0.8466240545549606, 0.8753149292389513, 0.3828734320756592, 0.35894384257093054, 0.33650985241024733, 0.3154779866346069, 0.29576061246994395, 0.3588972332096588, 0.6482677342596066, 0.8888802193301686, 1.1396141951749819, 1.400749805074744, 1.400749805074744, 0, 0, 0, 0, 0, 0, 0, 0, 0, 0.5647377246338662, 0.5423872218224934, 0.5521209460841168, 0.7372325738480727, 0.8650366843936917, 0.9852870315269522, 1.0020609595080217, 0.4438134579221924, 0.4160751168020554, 0.39007042200192693, 0.3656910206268065, 0.3428353318376311, 0.32140812359777915, 0.8052628512077266, 1.0946333522576746, 1.5859798131730494, 0.5876576846119886, 0.5647377246338662, 0.5423872218224934, 0.5521209460841168, 0.7372325738480727, 0.8650366843936917, 0.9852870315269522, 0.5876576846119886, 0.5423872218224934, 0.7372325738480727, 0.9852870315269522, 0.4438134579221924, 0.39007042200192693, 0.3428353318376311, 0.8052628512077266, 1.3352458373282365, 1.3352458373282365, 1.5859798131730494, 0.5876576846119886, 0.5647377246338662, 0.5423872218224934, 0.5521209460841168, 0.7372325738480727, 0.8650366843936917, 0.9852870315269522, 1.0020609595080217, 0.4438134579221924, 0.4160751168020554, 0.39007042200192693, 0.3656910206268065, 0.3428353318376311, 0.32140812359777915, 0.8052628512077266, 1.0946333522576746, 1.3352458373282365, 1.5859798131730494, 1.5859798131730494, 0, 0, 0, 0, 0, 0, 0, 0, 0, 0.4971730728015862, 0.4775505842773889, 0.4663574730878421, 0.5348312658247449, 0.7780900941371329, 0.9165922380399829, 0.9344966247470345, 0.39256811965878424, 0.3680326121801103, 0.3450305739188534, 0.32346616304892506, 0.30324952785836723, 0.2842964323672193, 0.39322628270037985, 1.0172889052124838, 1.5472718913329937, 0.5172894460877768, 0.4971730728015862, 0.4775505842773889, 0.4663574730878421, 0.5348312658247449, 0.7780900941371329, 0.9165922380399829, 0.5172894460877768, 0.4775505842773889, 0.5348312658247449, 0.9165922380399829, 0.39256811965878424, 0.3450305739188534, 0.30324952785836723, 0.39322628270037985, 1.306659406262432, 1.306659406262432, 1.5472718913329937, 0.5172894460877768, 0.4971730728015862, 0.4775505842773889, 0.4663574730878421, 0.5348312658247449, 0.7780900941371329, 0.9165922380399829, 0.9344966247470345, 0.39256811965878424, 0.3680326121801103, 0.3450305739188534, 0.32346616304892506, 0.30324952785836723, 0.2842964323672193, 0.39322628270037985, 1.0172889052124838, 1.306659406262432, 1.5472718913329937, 1.5472718913329937, 0, 0, 0, 0, 0, 0, 0, 0, 0, 0.4104660552511701, 0.39431767727254136, 0.3785844635129163, 0.387424346431671, 0.5557374843463049, 0.8102239127395521, 0.8500131997714386, 0.32588511663643077, 0.30551729684665385, 0.286422465793738, 0.26852106168162937, 0.25173849532652753, 0.23600483936861955, 0.22125453690808083, 0.5937741025156855, 1.5072072260777374, 0.42701502728351576, 0.4104660552511701, 0.39431767727254136, 0.3785844635129163, 0.387424346431671, 0.5557374843463049, 0.8102239127395521, 0.42701502728351576, 0.39431767727254136, 0.387424346431671, 0.8102239127395521, 0.32588511663643077, 0.286422465793738, 0.25173849532652753, 0.22125453690808083, 1.2178367250277897, 1.2178367250277897, 1.5072072260777374, 0.42701502728351576, 0.4104660552511701, 0.39431767727254136, 0.3785844635129163, 0.387424346431671, 0.5557374843463049, 0.8102239127395521, 0.8500131997714386, 0.32588511663643077, 0.30551729684665385, 0.286422465793738, 0.26852106168162937, 0.25173849532652753, 0.23600483936861955, 0.22125453690808083, 0.5937741025156855, 1.2178367250277897, 1.5072072260777374, 1.5072072260777374, 0, 0, 0, 0, 0, 0, 0, 0, 0, 0.2963094931421148, 0.28469340425093537, 0.27337186751356707, 0.2666401965890864, 0.31723634541288653, 0.5616990575441242, 0.721612435982649, 0.23666388899814944, 0.2218723959357651, 0.20800537118977977, 0.19500503549041853, 0.1828172207722674, 0.17139114447400067, 0.16067919794437563, 0.21922486537000063, 1.407512863153869, 0.3082090898665583, 0.2963094931421148, 0.28469340425093537, 0.27337186751356707, 0.2666401965890864, 0.31723634541288653, 0.5616990575441242, 0.3082090898665583, 0.28469340425093537, 0.2666401965890864, 0.5616990575441242, 0.23666388899814944, 0.20800537118977977, 0.1828172207722674, 0.16067919794437563, 0.7834502406417648, 0.7834502406417648, 1.407512863153869, 0.3082090898665583, 0.2963094931421148, 0.28469340425093537, 0.27337186751356707, 0.2666401965890864, 0.31723634541288653, 0.5616990575441242, 0.721612435982649, 0.23666388899814944, 0.2218723959357651, 0.20800537118977977, 0.19500503549041853, 0.1828172207722674, 0.17139114447400067, 0.16067919794437563, 0.21922486537000063, 0.7834502406417648, 1.407512863153869, 1.407512863153869, 0, 0, 0, 0, 0, 0, 0, 0, 0, 0.23349602556878682, 0.22433058289469873, 0.2153987267049936, 0.2180123595676479, 0.29068247158923516, 0.40766008048709623, 0.558501755229079, 0.18608984322456856, 0.17445922802303304, 0.16355552627159348, 0.1533333058796189, 0.1437499742621427, 0.13476560087075878, 0.12634275081633636, 0.29933110277957453, 1.0800177673686175, 0.24288650245322127, 0.23349602556878682, 0.22433058289469873, 0.2153987267049936, 0.2180123595676479, 0.29068247158923516, 0.40766008048709623, 0.24288650245322127, 0.22433058289469873, 0.2180123595676479, 0.40766008048709623, 0.18608984322456856, 0.16355552627159348, 0.1437499742621427, 0.12634275081633636, 0.5157923920968535, 0.5157923920968535, 1.0800177673686175, 0.24288650245322127, 0.23349602556878682, 0.22433058289469873, 0.2153987267049936, 0.2180123595676479, 0.29068247158923516, 0.40766008048709623, 0.558501755229079, 0.18608984322456856, 0.17445922802303304, 0.16355552627159348, 0.1533333058796189, 0.1437499742621427, 0.13476560087075878, 0.12634275081633636, 0.29933110277957453, 0.5157923920968535, 1.0800177673686175, 1.0800177673686175, 0, 0, 0, 0, 0, 0, 0, 0, 0]
