[-0.08090029905087485, -0.041031273158549104, -0.0019236087095966178, 0.032455876094012424, -0.03901706060630779, -0.5157451609850803, -0.5460110884235126, -0.5743853953970431, -0.600986308184728, -0.5009246639231825, 0.2178831275720165, 0.26676543209876546, 0.3125925925925926, 0.35555555555555557, 0.3333333333333333, 0.0, 0.0, 0.0, 0.0, 0.0, 0.0, 0.0, 0.0, 0.0, 0.0]
[-0.08090029905087485, -0.041031273158549104, -0.0019236087095966178, 0.032455876094012424, -0.03901706060630779, -0.5157451609850803, -0.5460110884235126, -0.5743853953970431, -0.600986308184728, -0.5009246639231825, 0.2178831275720165, 0.26676543209876546, 0.3125925925925926, 0.35555555555555557, 0.3333333333333333, 0.0, 0.0, 0.0, 0.0, 0.0, 0.0, 0.0, 0.0, 0.0, 0.0]
[-0.08090029905087485, -0.041031273158549104, -0.0019236087095966178, 0.032455876094012424, -0.03901706060630779, -0.5157451609850803, -0.5460110884235126, -0.5743853953970431, -0.600986308184728, -0.5009246639231825, 0.2178831275720165, 0.26676543209876546, 0.3125925925925926, 0.35555555555555557, 0.3333333333333333, 0.0, 0.0, 0.0, 0.0, 0.0, 0.0, 0.0, 0.0, 0.0, 0.0]
[-0.08090029905087485, -0.041031273158549104, -0.0019236087095966178, 0.032455876094012424, -0.03901706060630779, -0.5157451609850803, -0.5460110884235126, -0.5743853953970431, -0.600986308184728, -0.5009246639231825, 0.2178831275720165, 0.26676543209876546, 0.3125925925925926, 0.35555555555555557, 0.3333333333333333, 0.0, 0.0, 0.0, 0.0, 0.0, 0.0, 0.0, 0.0, 0.0, 0.0]
[-0.08090029905087485, -0.041031273158549104, -0.0019236087095966178, 0.032455876094012424, -0.03901706060630779, -0.5157451609850803, -0.5460110884235126, -0.5743853953970431, -0.600986308184728, -0.5009246639231825, 0.2178831275720165, 0.26676543209876546, 0.3125925925925926, 0.35555555555555557, 0.3333333333333333, 0.0, 0.0, 0.0, 0.0, 0.0, 0.0, 0.0, 0.0, 0.0, 0.0]
[-0.08090029905087485, -0.041031273158549104, -0.0019236087095966178, 0.032455876094012424, -0.03901706060630779, -0.5157451609850803, -0.5460110884235126, -0.5743853953970431, -0.600986308184728, -0.5009246639231825, 0.2178831275720165, 0.26676543209876546, 0.3125925925925926, 0.35555555555555557, 0.3333333333333333, 0.0, 0.0, 0.0, 0.0, 0.0, 0.0, 0.0, 0.0, 0.0, 0.0]
[-0.08090029905087485, -0.041031273158549104, -0.0019236087095966178, 0.032455876094012424, -0.03901706060630779, -0.5157451609850803, -0.5460110884235126, -0.5743853953970431, -0.600986308184728, -0.5009246639231825, 0.2178831275720165, 0.26676543209876546, 0.3125925925925926, 0.35555555555555557, 0.3333333333333333, 0.0, 0.0, 0.0, 0.0, 0.0, 0.0, 0.0, 0.0, 0.0, 0.0]
[-0.08090029905087485, -0.041031273158549104, -0.0019236087095966178, 0.032455876094012424, -0.03901706060630779, -0.5157451609850803, -0.5460110884235126, -0.5743853953970431, -0.600986308184728, -0.5009246639231825, 0.2178831275720165, 0.26676543209876546, 0.3125925925925926, 0.35555555555555557, 0.3333333333333333, 0.0, 0.0, 0.0, 0.0, 0.0, 0.0, 0.0, 0.0, 0.0, 0.0]
[-0.08090029905087485, -0.041031273158549104, -0.0019236087095966178, 0.032455876094012424, -0.03901706060630779, -0.5157451609850803, -0.5460110884235126, -0.5743853953970431, -0.600986308184728, -0.5009246639231825, 0.2178831275720165, 0.26676543209876546, 0.3125925925925926, 0.35555555555555557, 0.3333333333333333, 0.0, 0.0, 0.0, 0.0, 0.0, 0.0, 0.0, 0.0, 0.0, 0.0]
[-0.08090029905087485, -0.041031273158549104, -0.0019236087095966178, 0.032455876094012424, -0.03901706060630779, -0.5157451609850803, -0.5460110884235126, -0.5743853953970431, -0.600986308184728, -0.5009246639231825, 0.2178831275720165, 0.26676543209876546, 0.3125925925925926, 0.35555555555555557, 0.3333333333333333, 0.0, 0.0, 0.0, 0.0, 0.0, 0.0, 0.0, 0.0, 0.0, 0.0]
[-0.08090029905087485, -0.041031273158549104, -0.0019236087095966178, 0.032455876094012424, -0.03901706060630779, -0.5157451609850803, -0.5460110884235126, -0.5743853953970431, -0.600986308184728, -0.5009246639231825, 0.2178831275720165, 0.26676543209876546, 0.3125925925925926, 0.35555555555555557, 0.3333333333333333, 0.0, 0.0, 0.0, 0.0, 0.0, 0.0, 0.0, 0.0, 0.0, 0.0]
[-0.08090029905087485, -0.041031273158549104, -0.0019236087095966178, 0.032455876094012424, -0.03901706060630779, -0.5157451609850803, -0.5460110884235126, -0.5743853953970431, -0.600986308184728, -0.5009246639231825, 0.2178831275720165, 0.26676543209876546, 0.3125925925925926, 0.35555555555555557, 0.3333333333333333, 0.0, 0.0, 0.0, 0.0, 0.0, 0.0, 0.0, 0.0, 0.0, 0.0]
[-0.08090029905087485, -0.041031273158549104, -0.0019236087095966178, 0.032455876094012424, -0.03901706060630779, -0.5157451609850803, -0.5460110884235126, -0.5743853953970431, -0.600986308184728, -0.5009246639231825, 0.2178831275720165, 0.26676543209876546, 0.3125925925925926, 0.35555555555555557, 0.3333333333333333, 0.0, 0.0, 0.0, 0.0, 0.0, 0.0, 0.0, 0.0, 0.0, 0.0]
[0.05230252204168797, 0.08690151564865035, 0.1208775783280171, 0.15026717412696047, 0.13254214241069215, -0.06324174148997613, -0.43428913264685265, -0.4696460618564243, -0.5027931829903979, -0.408868609053498, 0.3041856790123457, 0.3476740740740741, 0.3884444444444444, 0.42666666666666664, 0.4, 0.0, 0.0, 0.0, 0.0, 0.0, 0.0, 0.0, 0.0, 0.0, 0.0]
[0.31523208923824486, 0.33950827296126607, 0.36342480837032276, 0.3830255726619924, 0.41047536325950673, 0.5306539863891209, 0.12248811223980087, -0.2601673947751867, -0.3064069326017375, -0.22475649931412894, 0.47679078189300417, 0.5094913580246914, 0.5401481481481482, 0.5688888888888889, 0.5333333333333333, 0.0, 0.0, 0.0, 0.0, 0.0, 0.0, 0.0, 0.0, 0.0, 0.0]
[0.5709777681250928, 0.5853801349835297, 0.5996580740779232, 0.6098646296332382, 0.620359201392272, 0.7482534179719216, 0.7014875793486766, 0.2826446056393842, -0.11002068221307733, -0.04064438957475995, 0.6493958847736625, 0.6713086419753087, 0.6918518518518518, 0.711111111111111, 0.6666666666666667, 0.0, 0.0, 0.0, 0.0, 0.0, 0.0, 0.0, 0.0, 0.0, 0.0]
[0.8190606328149179, 0.8240681086960844, 0.8291564444951717, 0.830389722269779, 0.8243236979612512, 0.897803466838673, 0.9041907501612558, 0.8476788282761774, 0.41969890150891626, 0.14346772016460896, 0.822000987654321, 0.8331259259259258, 0.8435555555555555, 0.8533333333333333, 0.8, 0.0, 0.0, 0.0, 0.0, 0.0, 0.0, 0.0, 0.0, 0.0, 0.0]
[1.058969829027919, 1.0550932682116163, 1.0514709266027114, 1.0441799196159678, 1.0219742301955255, 1.0414341741416384, 1.038844538257786, 1.0364167546166743, 0.9716407074531321, 0.6609131632373113, 0.9946060905349794, 0.9949432098765432, 0.9952592592592592, 0.9955555555555555, 0.9333333333333333, 0.0, 0.0, 0.0, 0.0, 0.0, 0.0, 0.0, 0.0, 0.0, 0.0]
